107 194 18 35 435 164 16 62 292 152 22 41 562 109 28 50 
104 194 21 59 431 163 20 70 287 154 25 39 183 134 38 59 14 132 37 62 596 111 12 27 557 104 32 55 
100 194 25 59 429 162 22 72 284 142 48 57 14 131 43 62 182 125 61 68 553 103 55 56 
93 194 45 59 426 162 27 72 282 142 54 59 351 133 21 27 14 130 46 63 183 125 63 68 549 102 59 57 
87 194 66 45 587 164 33 18 402 160 52 77 280 142 54 63 347 134 12 27 14 130 47 64 183 125 64 68 545 103 63 56 
84 194 69 62 586 164 35 19 396 160 59 77 277 142 57 78 338 134 18 26 14 128 48 66 182 122 68 71 542 102 67 57 
121 214 18 19 586 163 35 19 392 161 68 76 273 152 27 55 309 134 45 67 14 130 49 64 182 124 69 69 538 101 71 58 
387 192 23 34 585 163 36 19 418 160 48 77 269 151 28 55 309 142 29 59 14 130 50 64 534 102 75 58 
384 193 26 31 585 163 36 20 418 160 50 77 265 151 28 54 305 142 34 78 13 130 52 64 
128 207 35 56 382 193 26 41 68 187 63 71 585 163 36 20 417 160 57 77 305 142 34 78 14 128 53 66 576 110 32 47 525 102 47 59 
128 207 28 56 373 192 33 43 74 190 39 68 584 163 37 20 418 160 56 77 305 142 34 78 14 128 56 66 521 102 87 63 
128 207 35 56 370 192 33 43 68 192 46 66 584 163 37 20 417 160 57 79 305 142 34 78 14 128 58 66 575 110 33 47 518 101 50 64 
128 207 28 56 367 192 26 39 67 192 43 66 583 162 39 21 417 160 57 79 305 134 34 86 13 127 61 66 575 110 33 47 514 101 54 72 
127 207 38 56 364 192 23 39 583 162 47 21 417 160 57 79 304 141 38 79 575 110 33 46 510 96 52 75 
127 207 38 56 361 193 22 33 584 162 38 21 417 160 57 79 233 156 14 29 301 143 38 77 575 110 33 47 506 99 42 61 
127 207 38 56 359 192 23 36 584 162 37 21 417 160 58 79 304 142 35 78 575 110 33 47 502 99 40 57 
122 207 43 56 356 192 26 39 584 161 37 22 417 160 66 79 305 141 34 78 575 110 33 47 497 99 41 56 
123 207 42 56 349 191 35 40 583 161 38 22 417 160 66 79 305 141 34 78 575 110 33 47 493 99 41 58 
122 207 43 56 583 161 38 22 417 160 66 79 304 140 69 93 575 110 33 47 489 100 41 57 
122 207 47 56 583 161 38 22 417 160 68 79 304 140 78 94 251 127 38 46 576 110 32 47 485 101 43 55 
123 201 46 62 662 197 15 40 583 161 35 22 417 160 32 79 304 142 66 92 254 128 39 44 189 125 60 82 576 110 32 47 480 102 45 55 
121 200 49 63 658 196 19 37 416 179 28 56 583 161 27 20 304 142 67 92 194 130 52 77 257 127 42 46 576 111 28 45 475 103 46 55 
128 236 17 27 656 196 21 41 419 191 22 44 583 161 26 20 206 131 40 76 578 112 22 39 471 103 47 64 
128 243 17 20 661 214 16 23 422 194 14 27 209 133 34 74 262 128 82 105 579 122 16 27 467 100 45 59 
633 196 43 41 314 193 25 41 207 141 36 66 266 130 44 54 463 100 45 67 
313 215 23 19 654 214 23 23 21 175 56 85 203 149 39 58 48 143 20 24 263 130 46 51 460 100 43 67 
312 216 23 18 16 193 51 67 54 173 24 19 197 150 46 58 261 130 51 42 457 101 40 66 
13 192 47 68 209 170 34 37 193 150 28 23 255 129 59 45 454 101 40 59 
644 216 25 19 9 191 48 69 189 148 37 59 269 130 47 34 449 101 40 57 
610 195 54 38 1 192 53 69 185 148 38 57 285 130 36 28 245 129 20 27 445 100 40 54 
292 215 24 19 600 195 56 40 1 193 52 63 182 151 37 54 290 130 35 24 440 101 41 54 
288 215 26 19 1 192 51 65 600 190 45 45 179 151 40 56 290 129 38 25 436 99 41 56 
287 215 25 19 599 205 34 31 1 192 41 60 177 150 31 55 297 128 34 31 432 99 41 56 
282 216 28 18 596 214 27 23 1 192 37 59 173 150 27 48 297 127 36 24 429 98 40 57 
282 216 24 18 592 207 26 27 1 194 36 56 170 151 26 53 301 127 35 25 426 99 40 56 
281 217 22 17 584 200 28 35 1 193 29 57 166 151 28 55 304 127 35 27 422 100 42 57 
270 217 23 17 581 195 31 41 1 193 24 62 161 151 30 55 308 127 32 34 419 100 43 57 
582 197 30 39 1 192 17 61 154 151 33 56 309 127 35 34 415 101 46 56 
567 206 44 29 1 190 16 61 150 153 32 55 313 128 35 44 412 101 46 55 
565 197 46 37 1 197 13 53 146 152 33 55 320 129 31 43 407 101 47 53 
566 195 43 39 142 154 32 53 321 130 34 41 404 101 43 53 
588 215 18 19 142 154 29 53 325 130 34 42 400 101 41 52 
556 195 48 39 138 154 28 40 328 130 34 43 395 101 40 51 
544 196 52 43 134 154 27 35 329 130 37 43 390 100 40 52 
543 194 45 41 130 154 27 35 331 130 38 44 386 101 40 50 
542 195 20 45 126 153 29 36 336 130 36 45 384 99 37 52 
541 191 31 45 124 152 27 36 336 130 38 47 380 99 38 52 
120 151 28 39 339 129 35 46 378 99 37 45 
214 217 33 11 116 151 30 39 340 130 36 37 376 99 35 43 
538 211 17 29 210 189 21 39 112 151 30 40 343 99 65 76 
538 211 17 29 207 189 23 40 108 152 30 40 345 100 59 76 
537 213 17 27 204 189 23 40 104 152 30 41 350 100 51 75 
202 190 22 40 525 183 32 57 101 152 30 43 155 130 23 31 351 101 43 73 
530 215 26 25 199 193 24 38 97 154 31 41 347 102 46 71 
529 215 23 20 197 192 23 39 507 181 23 29 92 154 34 41 345 102 52 71 
530 218 21 21 192 195 25 37 502 182 25 30 87 154 35 42 342 102 56 71 
526 218 23 22 192 197 21 33 495 186 26 28 82 154 36 41 339 102 66 71 
181 208 28 22 79 154 34 40 335 101 71 72 
512 219 28 18 178 216 29 14 76 152 31 39 376 128 34 45 331 101 38 52 
504 221 27 14 176 218 27 12 74 151 28 45 378 127 35 46 328 100 37 52 
70 150 29 42 380 126 37 44 324 99 37 54 
169 217 27 17 67 150 29 55 386 127 32 36 320 99 37 54 
166 217 27 17 475 213 16 28 62 149 29 56 386 127 36 35 316 99 37 54 
58 148 30 58 389 126 37 37 313 99 37 54 
53 148 31 58 393 127 36 44 310 100 39 50 
48 148 34 59 397 127 35 35 307 100 40 49 
44 149 34 57 99 130 12 30 398 127 38 43 302 100 43 51 
39 149 34 57 91 130 15 31 402 127 35 43 298 100 47 56 
42 150 26 40 402 130 39 40 82 130 21 31 295 100 46 55 
37 148 27 41 409 130 36 37 75 130 25 30 290 100 46 53 
33 151 26 39 412 130 37 34 70 130 26 31 281 100 44 44 
29 150 27 40 415 131 37 33 284 99 33 42 
25 148 26 41 418 130 39 27 281 99 32 41 
22 148 26 42 420 132 40 30 274 98 34 41 
108 212 29 17 18 146 27 43 424 130 39 32 271 98 34 47 
15 145 27 44 431 130 35 64 267 97 34 54 
11 144 28 45 431 130 37 64 261 97 36 53 
7 144 30 45 432 130 36 64 255 97 39 54 
92 217 26 13 1 144 33 45 436 130 39 40 250 98 41 55 
90 214 25 19 1 144 30 45 42 142 33 20 440 130 39 40 245 98 42 62 
88 217 23 16 1 145 26 44 444 130 39 26 34 130 14 27 239 98 45 64 
1 146 23 43 444 130 39 37 26 130 22 27 236 99 45 61 
79 217 24 16 445 130 42 28 1 130 45 59 231 100 45 57 
75 218 23 15 452 130 39 31 1 130 42 59 227 100 44 56 
71 212 25 22 453 130 41 30 227 100 40 58 
68 216 27 18 457 130 41 35 224 100 39 56 
65 217 24 16 10 131 21 27 460 130 39 37 220 99 38 52 
63 216 24 17 467 130 35 33 216 99 38 51 
470 128 37 33 212 98 38 51 
8 130 22 28 471 127 39 45 208 98 38 52 
475 126 39 36 204 97 39 53 
475 124 43 39 200 97 40 53 
479 125 42 39 196 97 39 53 
483 125 40 42 192 97 42 55 
487 127 39 41 189 97 43 56 
488 125 41 43 185 97 44 56 
494 126 37 43 181 97 44 56 
498 125 36 44 177 98 47 55 
6 211 28 17 503 126 35 42 172 98 48 55 
1 211 27 18 504 126 38 42 168 97 41 56 
1 213 21 18 507 126 39 47 164 97 41 55 
512 129 38 46 160 97 40 53 
514 130 40 45 157 96 38 53 
516 128 40 47 153 96 38 53 
519 126 41 49 150 96 37 53 
523 126 38 49 144 95 39 55 
525 127 39 46 139 95 40 55 
526 127 42 46 132 95 44 55 
533 127 39 46 130 96 43 55 
537 127 37 46 119 97 50 55 
538 127 38 46 121 97 45 56 
541 129 36 44 117 98 44 57 
545 129 36 44 109 97 48 59 
547 130 41 41 110 98 42 56 
553 130 38 41 107 97 40 57 
557 130 36 41 102 96 41 57 
558 130 38 43 98 96 41 56 
560 129 42 44 94 95 41 57 
565 127 39 45 91 94 40 58 
569 127 39 45 87 95 40 57 
574 127 38 46 83 95 40 58 
576 125 36 47 79 96 42 57 
577 111 39 59 75 96 44 57 
580 115 39 55 71 96 47 57 
584 116 36 56 68 97 47 56 
585 110 37 62 65 97 50 56 
588 116 38 56 62 96 49 57 
597 129 30 40 57 96 53 67 
599 129 34 41 54 96 39 56 
603 129 31 44 49 95 39 56 
607 129 35 46 44 95 39 55 
607 129 36 46 41 95 37 55 
612 128 34 47 38 95 38 56 
614 128 39 44 34 95 39 56 
619 130 35 40 26 95 43 55 
620 130 37 43 19 95 45 56 
624 129 37 46 14 96 47 58 
627 130 35 43 8 97 47 57 
627 130 38 46 1 98 51 57 
635 130 33 43 1 99 48 56 
639 131 34 42 1 99 44 57 
646 132 31 41 1 99 39 57 
646 131 36 42 1 99 34 60 
648 131 34 44 1 99 29 56 
650 130 32 49 1 99 25 47 
651 131 31 49 1 98 21 47 
651 131 31 53 1 98 17 43 
654 131 28 45 1 97 13 44 
667 133 15 40 1 102 10 39 
669 135 13 27 
