48 125 42 84 5 78 38 76 145 98 35 70 
45 124 44 87 280 65 42 84 143 98 34 69 176 70 33 66 
44 122 44 87 173 63 36 73 140 98 35 70 
41 121 45 89 11 78 38 77 137 98 36 72 171 61 38 77 
169 59 40 81 97 77 37 74 12 78 38 76 134 97 38 75 39 121 45 90 
168 57 41 82 13 78 38 76 132 98 37 74 
166 57 42 83 131 96 39 77 16 78 38 76 
164 57 42 84 131 95 38 75 17 78 38 76 
160 56 44 89 127 93 40 80 
126 93 40 79 160 58 44 88 266 58 44 88 
124 94 40 79 
123 93 40 80 154 57 42 84 24 84 36 70 
107 77 40 80 120 94 38 76 22 83 43 86 
20 82 51 102 120 96 37 74 
116 84 42 83 
112 73 47 93 149 56 36 72 
149 56 36 72 
146 55 39 78 36 84 36 72 
142 56 39 79 108 97 37 74 36 83 36 73 
7 116 56 112 140 55 40 81 37 82 37 74 107 96 36 72 
38 80 38 76 105 95 38 76 
103 94 38 75 39 80 38 76 
40 80 38 76 122 78 40 80 103 94 38 76 
124 77 40 80 
124 77 40 80 97 95 37 74 
120 63 47 93 
116 50 54 106 318 104 34 76 
116 50 54 106 0 123 41 86 306 108 46 100 
294 112 58 124 77 100 58 118 0 121 38 89 52 80 37 74 145 116 38 77 
294 112 58 124 81 103 52 104 0 121 38 86 53 80 38 74 130 85 38 76 
78 98 56 112 0 124 36 82 116 54 38 76 53 78 40 81 86 96 37 74 
126 69 65 130 78 102 54 108 114 53 41 82 0 114 29 66 56 79 36 72 0 138 30 69 
82 95 38 76 57 81 35 71 
80 94 38 75 292 109 38 76 
78 94 38 76 292 109 37 74 
73 94 38 76 
70 90 37 74 
198 48 58 118 73 94 38 76 102 54 38 76 
200 51 56 113 282 102 44 88 70 94 38 76 102 56 36 72 
199 52 56 112 148 73 45 90 68 94 39 78 282 108 40 80 97 55 37 74 
195 48 58 118 282 102 43 86 97 54 38 76 68 94 38 77 
278 102 44 88 66 98 34 69 
64 98 34 68 
63 97 34 68 115 108 34 67 
194 55 40 80 

56 97 36 72 
52 95 38 77 262 108 41 82 
51 94 39 77 261 106 42 84 
49 94 38 76 258 102 44 88 261 118 35 70 
46 91 42 84 259 117 36 71 
70 60 37 74 45 93 40 80 257 110 40 81 
176 52 44 88 252 102 44 88 70 59 36 72 41 91 42 83 
83 74 57 115 250 106 44 88 67 56 39 78 40 92 42 84 165 46 58 115 
164 49 56 112 73 64 47 95 249 104 44 88 
164 51 51 103 248 102 44 88 64 54 38 76 
78 110 54 110 163 50 51 103 61 54 41 82 
159 49 56 112 57 54 43 86 102 78 38 76 82 117 40 80 
159 51 50 101 55 55 42 84 102 79 37 74 
162 60 40 80 29 94 38 76 236 102 44 88 102 78 40 80 
233 105 42 84 26 93 39 79 105 78 38 76 51 56 39 78 159 56 42 84 
231 104 43 86 49 54 40 79 156 52 44 88 23 92 40 81 107 79 37 74 
155 57 42 83 107 77 41 82 23 94 39 77 231 105 42 83 49 59 36 72 
155 57 42 83 229 103 42 85 21 93 38 76 
18 92 39 79 218 105 43 87 
17 92 39 78 42 56 38 75 218 105 43 86 
218 106 43 86 61 112 41 82 150 54 34 69 27 72 39 79 
220 108 41 82 38 52 40 80 144 52 40 80 
220 107 41 82 36 56 38 77 
207 75 60 121 33 53 41 83 197 79 38 75 
205 77 60 120 31 54 41 82 140 54 38 76 
28 52 44 88 201 75 61 122 139 54 38 75 
197 73 62 124 138 54 38 75 125 82 35 71 
197 73 62 124 126 82 36 73 135 56 33 66 
127 81 36 72 202 114 38 76 135 56 33 66 
0 97 35 74 132 54 34 69 129 81 36 72 
128 53 38 75 0 95 33 77 18 61 36 72 
198 106 42 84 17 58 37 74 126 53 37 75 0 95 32 74 
196 101 45 90 15 58 37 74 124 53 37 73 198 120 34 69 
12 56 39 78 192 102 44 88 
192 104 44 88 9 52 42 83 
188 101 45 90 9 52 42 83 
186 101 45 90 5 52 42 84 142 78 38 76 
124 65 41 82 
107 52 44 88 
149 79 36 72 
149 79 36 72 
102 54 43 86 150 80 35 70 
101 53 41 82 172 104 42 84 152 82 34 69 
170 107 40 80 102 54 34 68 
155 81 35 71 170 108 39 78 
155 82 34 68 
90 49 46 92 156 93 38 77 
158 104 43 86 91 50 41 82 
158 108 40 80 92 52 36 72 
152 78 57 115 158 109 39 78 88 52 36 72 240 78 38 77 
151 77 58 118 156 105 42 85 244 77 39 79 93 97 35 71 
157 110 39 78 243 77 40 80 83 52 38 76 92 97 34 69 
245 77 40 81 154 104 42 84 83 53 37 73 
247 78 38 76 81 53 36 73 162 91 39 79 
171 79 37 74 250 79 40 79 79 53 37 73 
172 79 36 74 75 52 37 74 251 79 40 80 
73 52 38 76 252 80 41 82 175 79 37 74 
69 51 41 82 175 77 38 76 
69 51 40 81 177 77 38 76 
68 51 39 78 180 78 38 77 134 102 44 88 
64 50 41 82 134 106 42 84 
62 50 40 81 133 107 41 83 
131 105 42 84 60 50 41 82 262 80 39 79 
56 49 45 90 127 102 45 90 263 80 39 79 188 79 36 72 
47 44 60 121 126 102 45 90 264 78 40 79 190 79 36 72 
47 47 55 110 125 101 44 89 190 76 36 73 264 79 40 81 92 100 33 66 
49 49 46 92 190 75 37 74 
194 79 35 71 44 47 52 103 
40 46 58 115 195 78 36 73 
112 100 46 92 44 52 44 88 195 75 37 74 
112 102 42 84 198 79 35 71 43 52 41 83 
109 102 43 86 42 52 39 78 198 79 36 72 
40 52 38 77 107 102 44 88 202 80 34 69 
36 51 41 82 95 98 46 92 
36 51 40 81 101 98 45 90 
34 51 40 80 
32 51 40 80 211 79 36 73 
29 50 40 81 96 99 44 89 214 81 35 70 
27 52 38 77 94 103 43 86 
90 102 46 92 26 51 38 77 
88 100 47 95 292 78 39 78 23 52 37 74 
88 100 47 95 21 52 38 76 
84 101 45 90 18 52 38 76 217 79 36 72 
81 100 48 97 16 52 38 76 
80 102 44 88 

7 49 44 88 224 78 37 74 
7 50 43 85 
6 50 42 85 71 100 44 90 
3 51 41 82 70 102 43 86 
0 49 46 92 67 99 45 91 
0 49 43 90 65 100 44 89 
62 98 45 91 0 49 41 95 236 77 36 70 
60 97 47 95 0 49 40 92 238 78 35 71 
60 100 44 87 238 77 36 72 
240 76 36 73 
242 76 37 74 
244 74 38 76 
47 101 42 85 244 75 38 75 
44 101 43 86 
43 99 43 87 
42 97 44 89 
42 97 44 88 
40 96 43 86 
36 96 45 90 
33 95 46 93 
32 95 46 92 

262 79 36 72 





10 99 42 84 
11 96 44 88 280 81 34 67 
280 82 33 66 10 96 43 85 
10 96 42 83 281 81 33 67 
7 96 44 88 283 80 34 68 
4 96 44 88 
0 92 47 95 
0 94 44 92 
0 96 42 84 
0 97 38 76 
0 97 35 80 
0 97 33 76 


