

552 273 46 87 
554 270 48 90 
554 270 48 90 
554 270 48 90 
554 270 48 90 
554 270 48 90 
554 270 48 90 
554 270 48 90 

299 278 44 82 

554 270 48 90 
554 270 48 90 


554 270 48 90 
554 270 48 90 
554 270 48 90 



554 270 48 90 
553 270 48 90 
553 270 48 90 
553 270 48 90 
553 272 47 88 
553 273 46 87 
553 271 47 88 
554 270 48 90 588 162 42 84 
567 155 54 109 
561 152 53 105 
552 145 59 117 
542 143 52 104 554 270 48 90 
534 138 52 105 
527 138 49 98 
512 130 56 112 520 136 43 86 
512 131 44 89 
554 270 48 90 
553 270 47 90 
553 270 47 90 
554 270 48 90 
469 121 43 86 553 270 48 90 
460 120 44 88 554 270 48 90 
451 119 42 85 554 270 48 90 299 278 44 82 
554 270 48 90 439 114 48 96 
434 115 46 93 554 270 48 90 
553 270 48 90 428 118 42 84 
566 294 34 66 417 115 45 90 
407 113 48 96 554 270 48 90 
399 115 48 95 
393 117 43 87 
554 270 48 90 378 112 51 102 
371 111 50 99 554 270 48 90 
365 113 48 96 
360 118 44 88 
350 117 45 90 
340 116 47 93 554 270 48 90 
331 116 48 96 553 271 47 89 
320 118 46 92 552 272 47 88 
312 119 46 92 
305 120 46 92 
297 124 46 91 
554 270 48 90 286 122 48 96 
275 120 51 102 
269 125 47 95 
260 124 48 97 
554 270 48 90 251 134 43 87 
521 95 47 95 242 144 39 78 554 270 48 90 
514 94 48 97 238 139 40 80 554 270 48 90 
554 270 48 90 
553 271 47 89 
553 272 47 88 
486 91 44 87 554 270 48 90 
554 270 48 90 479 91 42 84 
470 91 44 88 554 270 48 90 
462 89 46 92 554 270 48 90 
457 90 44 88 
451 93 35 71 
553 273 47 87 442 87 40 81 
434 86 42 85 553 270 48 90 
426 88 43 86 554 270 48 90 
418 90 44 88 554 270 48 90 
406 87 50 100 554 270 48 90 415 92 34 68 
403 88 43 87 554 270 48 90 
395 86 47 94 554 270 48 90 
554 270 48 90 390 87 41 83 
49 192 45 90 554 270 48 90 385 89 36 73 
374 87 41 81 
364 84 45 90 
554 270 48 90 7 184 54 106 360 90 39 78 
0 194 48 105 553 270 47 89 352 88 40 80 
345 87 41 82 552 271 47 89 
339 88 40 80 


316 87 41 82 
308 89 40 81 
301 92 40 81 552 272 48 88 
291 90 43 86 553 271 48 89 
282 89 46 92 554 270 48 90 
277 91 46 92 554 270 48 90 
271 92 44 89 

554 270 48 90 
553 270 47 90 


554 270 48 90 





554 270 48 90 


553 270 48 90 299 278 44 82 
554 270 48 90 








553 270 48 90 
553 270 48 90 
554 270 48 90 
554 270 48 90 




588 159 40 80 


554 270 48 90 
554 270 48 90 
554 270 48 90 182 199 65 130 
554 270 48 90 186 194 64 127 555 124 44 89 
193 189 64 128 552 123 42 84 
202 184 60 121 546 123 42 85 
204 176 61 122 541 123 43 86 
208 171 62 124 534 122 43 86 553 272 47 88 
526 120 43 86 554 270 48 90 210 166 63 127 
215 162 62 124 554 270 48 90 
218 158 58 118 
220 153 55 110 510 123 42 84 
220 146 62 124 
227 146 58 115 554 270 48 90 
232 142 56 112 554 270 48 90 
237 139 55 109 554 270 48 90 486 123 42 83 
239 134 55 111 478 123 41 82 
241 129 57 114 471 124 40 81 
243 127 59 118 554 270 48 90 
247 124 56 111 554 270 48 90 
256 126 46 91 554 270 48 90 450 124 44 88 
252 112 55 110 554 270 48 90 
256 112 53 106 554 270 48 90 
262 110 52 103 427 124 46 92 
269 109 48 96 422 127 45 90 
272 103 50 100 554 270 48 90 
273 96 54 108 
274 93 56 112 396 141 40 81 
283 96 48 96 391 132 44 88 
286 92 48 96 381 136 44 89 
289 88 49 97 371 140 45 90 
291 87 49 97 366 136 46 92 554 270 48 90 
299 90 42 85 356 137 47 93 554 270 48 90 
303 85 45 90 553 270 48 90 
304 79 46 92 553 270 47 90 
329 140 48 96 307 76 47 94 553 270 47 90 299 278 44 82 
309 73 47 95 320 145 48 97 554 270 48 90 
315 72 44 88 554 270 48 90 
316 65 48 97 303 148 46 92 
318 66 47 93 294 148 48 97 
323 68 43 86 296 109 45 90 
327 67 43 86 275 152 44 88 554 270 48 90 
330 61 43 86 554 270 48 90 262 150 49 98 
331 58 44 87 256 152 43 86 
332 56 44 88 
332 53 46 91 
334 53 42 85 
334 52 41 83 
333 48 44 88 
333 47 43 87 554 270 48 90 
333 47 40 81 
334 47 38 76 
331 42 41 81 
328 41 41 83 551 270 48 90 
324 41 40 80 
321 41 38 77 
317 36 40 81 
315 36 41 82 
314 35 38 76 
310 33 39 77 
309 31 37 75 84 206 37 74 
61 187 52 103 305 27 43 86 
50 187 53 106 304 28 37 74 
300 29 36 71 566 294 34 66 35 178 58 116 
20 170 64 127 297 27 36 72 
13 195 52 104 294 24 37 74 
0 190 56 112 554 270 48 90 292 25 36 73 
291 23 37 73 553 270 48 90 
553 270 48 90 288 22 36 71 
286 20 36 72 
283 18 36 72 
280 18 36 72 566 294 34 66 
271 0 46 92 278 19 35 70 559 282 41 78 
553 270 48 90 274 16 36 71 
271 12 37 74 554 270 48 90 
270 11 38 77 553 271 47 88 
553 273 47 87 268 14 36 71 322 275 36 70 
553 270 47 90 265 13 36 71 








566 294 34 66 
560 282 41 78 
554 270 48 90 
299 278 44 82 



554 270 48 90 
554 270 48 90 
554 270 48 90 
568 295 33 65 




554 270 48 90 



554 270 48 90 





554 270 48 90 
554 270 48 90 

286 190 62 124 
286 185 62 124 553 270 48 90 
285 179 63 127 
286 174 60 121 
282 168 61 122 
278 162 62 124 
278 162 60 121 
277 159 56 112 
272 153 58 116 
267 148 58 116 
264 144 59 118 
264 143 58 117 
264 139 55 111 
264 135 51 103 
260 131 54 108 
258 129 56 112 
256 130 51 103 
256 128 46 93 
250 122 49 98 
246 122 48 96 320 271 37 74 
243 124 44 88 
554 270 48 90 241 127 40 81 
232 107 51 104 
234 118 45 90 224 87 63 127 




293 17 35 70 
295 18 37 73 
295 18 37 74 
297 20 37 74 
298 20 37 74 
299 21 36 72 320 271 37 74 
301 22 36 73 
303 24 36 72 
305 26 35 70 
307 26 36 72 
307 26 38 75 
307 28 38 75 
307 30 38 75 
307 30 40 80 566 294 34 66 
310 33 36 72 
312 34 36 72 
311 33 44 89 
318 36 39 78 
320 37 38 76 
320 41 38 76 
322 39 40 81 
324 42 39 78 
554 270 48 90 325 43 38 77 
326 41 42 84 
329 46 40 80 
554 270 48 90 333 50 37 74 
333 49 40 80 
334 51 39 79 
333 53 41 82 
333 57 40 80 
330 55 43 87 
331 57 42 84 580 156 33 66 
331 58 43 87 
332 62 42 84 
330 65 44 88 
331 66 44 87 
330 68 43 86 
328 70 43 86 
325 71 45 91 
319 73 47 94 
317 72 46 93 554 270 48 90 
313 75 49 97 
313 78 48 96 
310 78 50 100 
308 81 49 98 
303 81 51 102 
301 84 49 97 
298 89 46 93 554 270 48 90 321 271 36 72 
292 89 48 96 
289 93 49 97 
282 95 50 101 
281 100 49 98 
275 98 52 104 

566 294 34 66 

254 106 46 92 
250 106 45 90 
238 96 53 106 
227 86 61 123 
228 92 58 118 
554 270 48 90 


554 270 48 90 




554 270 48 90 
554 270 48 90 
554 270 48 90 




554 270 48 90 
554 270 48 90 


321 271 36 72 






552 268 48 92 



554 270 48 90 



321 274 36 72 

554 270 48 90 











554 270 48 90 



236 124 45 90 
554 270 48 90 243 124 46 92 
251 124 47 94 
254 120 50 100 
259 121 47 95 553 270 47 90 
261 124 51 102 554 270 48 90 238 132 35 71 
233 112 46 92 267 124 50 100 238 133 34 69 568 295 33 65 
268 125 54 108 243 130 37 74 
275 129 52 104 
282 131 50 101 
289 133 51 102 
296 133 52 104 
299 138 49 98 
299 139 53 107 
297 140 58 116 
297 140 59 118 
295 146 58 116 
294 149 59 118 
295 154 57 114 
294 158 61 122 330 104 47 94 
293 161 60 121 554 270 48 90 335 100 48 96 
286 164 62 124 554 270 48 90 
554 270 48 90 278 166 62 124 
360 100 48 97 
365 101 49 99 
260 179 56 112 371 102 51 101 
379 106 47 95 
383 108 47 95 
388 110 48 96 
394 107 47 94 
399 109 46 93 
405 112 46 92 
411 113 46 92 
411 110 53 106 
418 114 50 100 
425 119 47 95 554 270 48 90 
430 118 48 97 
