




96 98 30 48 286 86 28 33 
52 146 13 34 220 128 13 40 147 117 23 32 9 100 19 45 96 96 32 49 285 78 29 37 
49 146 16 32 219 128 14 41 146 116 23 36 9 100 23 45 96 96 32 49 283 78 32 37 
47 146 33 32 218 128 16 47 144 114 26 40 9 100 23 45 96 94 34 51 282 78 33 37 
46 146 34 41 204 128 30 47 142 115 28 39 9 100 24 45 96 96 34 49 280 78 35 36 
45 146 35 48 204 128 30 48 140 115 13 37 9 100 25 45 96 94 36 51 278 79 37 35 
41 146 39 48 199 128 37 48 8 100 27 45 96 98 56 56 276 79 39 35 
67 166 18 31 41 145 21 47 218 128 21 50 8 100 28 45 96 97 55 57 274 79 41 35 
67 166 14 31 40 145 19 49 217 128 22 50 8 100 29 45 96 97 53 55 299 84 15 30 272 79 21 35 
67 166 18 31 194 147 14 29 38 145 20 47 217 128 22 51 8 100 30 46 96 96 52 56 299 84 15 29 270 78 22 36 
67 166 14 31 36 145 20 49 217 128 22 51 8 100 31 45 96 96 50 57 299 84 15 29 267 78 21 36 
67 166 14 31 35 145 21 49 216 128 23 51 8 100 31 45 96 97 47 56 299 84 15 29 265 77 21 37 
67 166 14 31 216 128 23 51 8 100 46 94 96 97 46 58 299 84 15 29 263 77 19 36 
67 166 19 31 216 128 22 51 8 100 45 94 96 97 50 57 299 84 15 29 261 76 19 37 
64 166 22 31 216 128 23 51 8 100 42 94 96 97 50 57 299 84 15 29 259 76 19 37 
64 166 22 31 216 128 23 51 8 100 42 94 96 96 50 58 299 84 15 29 257 77 19 35 
64 166 22 31 216 128 27 51 160 116 14 36 8 100 42 94 96 94 52 60 299 84 15 29 254 78 20 33 
64 166 22 31 216 128 27 51 160 116 32 58 8 100 42 94 96 94 54 60 299 84 15 29 252 78 21 33 
64 156 13 41 216 135 15 41 160 116 32 58 12 100 34 94 98 98 54 57 299 84 15 29 250 78 21 34 
20 146 24 48 216 144 13 28 160 134 30 42 20 102 19 36 101 100 27 54 134 98 34 32 299 85 13 28 247 79 22 35 
160 136 20 34 110 113 17 42 18 107 24 80 134 98 22 32 245 79 23 35 
111 114 15 42 16 107 24 81 136 98 22 32 243 79 22 35 
14 133 26 59 109 116 17 40 138 98 24 32 241 79 22 35 
12 133 28 59 107 116 18 40 138 98 22 30 240 79 20 34 
10 146 22 46 104 116 21 28 139 98 21 30 238 80 19 34 
8 146 23 44 139 98 23 28 236 77 19 36 
6 146 24 49 146 98 18 23 233 77 20 36 
4 146 24 49 231 79 20 34 
1 146 27 47 229 79 20 33 
1 145 27 48 94 115 20 39 228 76 19 35 
1 146 21 40 93 115 12 29 226 76 18 35 
1 146 20 40 91 114 13 30 223 75 20 36 
1 146 19 34 89 114 13 32 222 77 19 34 
1 146 15 36 86 114 15 34 220 77 20 34 
1 146 11 44 84 115 15 35 218 78 21 33 
1 146 9 39 82 115 15 39 160 97 18 24 217 78 20 33 
80 116 15 38 163 98 17 23 215 78 21 33 
79 116 14 35 166 98 16 24 212 78 22 33 
78 117 13 31 168 99 16 24 210 78 19 33 
75 117 14 29 169 99 17 29 207 78 20 33 
73 116 13 26 170 100 18 30 205 78 19 33 
71 116 13 25 172 100 18 30 202 77 20 34 
69 117 13 25 172 100 19 31 201 77 18 33 
67 116 14 27 174 99 18 31 199 76 19 33 
65 116 14 25 174 76 43 55 
63 116 14 26 176 75 39 51 
61 116 15 26 176 75 37 51 
59 116 15 26 178 76 33 48 
58 116 14 26 180 97 29 31 
56 116 14 27 180 76 26 48 
53 116 15 27 182 77 22 48 
51 116 16 30 182 77 20 49 
49 117 16 29 179 78 25 47 
46 117 18 29 179 78 27 52 
44 116 18 31 176 78 32 52 
42 115 16 28 174 78 36 48 
41 116 15 27 172 77 40 49 
40 115 13 29 196 97 18 30 171 77 18 32 
38 114 13 29 198 96 18 28 169 76 18 33 
36 114 13 29 199 96 19 26 167 76 18 33 
34 114 13 29 200 96 18 26 165 76 18 32 
33 114 13 28 202 96 18 26 163 76 18 33 
30 115 14 28 204 96 18 26 161 76 20 33 
29 114 14 26 206 96 18 25 159 76 21 33 
27 114 14 29 208 96 16 24 157 77 22 32 
25 114 13 29 210 98 16 22 155 77 21 32 
23 114 13 29 208 98 20 22 153 77 21 32 
20 116 13 26 212 98 18 22 151 76 20 33 
19 116 12 24 214 98 18 21 147 76 20 30 
16 116 13 24 215 100 19 18 148 76 16 30 
14 116 13 25 147 76 15 29 
13 116 13 25 144 75 16 25 
11 114 13 28 223 98 16 22 141 75 17 23 
9 116 14 26 223 98 17 21 139 74 17 33 
7 115 13 27 225 98 16 22 136 74 18 33 
6 112 13 30 133 74 20 33 
1 113 17 29 131 75 20 33 
1 115 16 27 129 75 20 33 
1 116 14 26 229 98 21 22 127 75 20 34 
230 98 20 18 125 76 20 33 
232 98 20 19 124 76 19 33 
234 98 20 22 122 76 19 34 
234 98 22 22 119 76 19 34 
237 98 19 22 117 76 19 34 
238 98 20 23 115 76 19 34 
242 98 16 20 113 75 19 34 
242 98 20 20 111 75 18 33 
244 98 20 24 109 75 18 33 
246 96 19 26 107 75 18 32 
246 96 20 21 105 74 18 33 
248 96 20 26 103 74 19 33 
250 96 20 26 101 74 20 33 
253 96 19 26 99 75 21 33 
255 98 19 25 98 75 20 33 
256 98 18 28 96 75 21 33 
258 98 18 29 93 75 21 33 
260 98 18 29 90 75 21 33 
262 98 18 27 88 75 19 33 
264 99 18 31 86 74 18 34 
264 99 20 25 84 74 19 34 
266 98 20 32 82 74 18 34 
267 98 21 32 80 73 18 34 
268 98 21 32 78 73 19 34 
270 96 20 34 76 73 19 33 
272 98 20 32 74 73 19 33 
274 97 20 33 70 73 21 38 
276 98 20 32 68 74 22 38 
278 98 18 30 66 74 22 38 
278 98 18 30 64 75 22 38 
280 98 18 30 62 75 22 38 
282 99 18 29 62 75 19 34 
283 98 20 30 60 75 19 34 
286 98 18 30 57 75 20 34 
290 98 16 30 55 75 20 34 
290 98 18 32 53 74 19 34 
290 98 21 26 50 74 20 40 
293 96 19 34 49 74 19 33 
294 96 20 34 47 74 19 33 
297 96 19 32 45 74 19 33 
298 96 18 32 43 74 20 33 
298 90 20 38 41 74 21 33 
300 91 19 35 39 74 23 34 
302 90 18 40 38 75 22 32 
303 97 19 31 35 75 23 33 
306 98 18 29 34 75 21 32 
309 98 15 27 31 74 20 34 
310 102 16 25 29 75 19 33 
312 100 16 25 26 74 19 34 
314 100 17 25 24 74 19 34 
315 98 18 31 22 74 19 33 
317 98 17 32 21 74 19 33 
318 98 20 30 19 74 18 33 
320 98 18 30 15 74 21 33 
322 98 17 32 13 73 21 39 
322 98 18 25 10 74 22 39 
324 98 18 32 8 74 21 39 
324 100 20 28 6 75 21 39 
328 100 17 30 4 76 22 38 
332 100 16 30 1 76 22 39 
334 100 17 30 1 76 20 39 
336 100 15 30 1 76 17 41 
336 100 15 32 1 76 15 34 
338 100 13 32 1 76 13 33 
338 100 13 35 1 75 11 31 


























