






















616 262 23 18 
612 246 27 33 
611 226 28 52 
612 210 27 68 
596 186 43 92 
584 184 55 92 
582 178 57 95 
584 180 50 78 
562 169 50 85 
550 168 64 85 
552 162 50 88 
550 158 46 81 
542 153 44 82 
534 152 44 83 
520 148 32 68 
520 142 26 78 
514 142 24 53 
491 142 37 61 
492 140 26 50 
486 132 24 64 
474 135 28 61 
468 133 24 53 
456 140 26 56 
454 130 22 68 
440 129 28 67 
424 130 36 70 
426 132 24 61 
420 134 33 66 
406 137 35 62 
402 138 24 42 
392 137 24 59 
388 136 33 64 
376 136 35 62 
362 140 31 59 
358 140 26 60 
354 138 20 62 
340 140 30 60 
602 146 16 40 336 142 22 40 
326 142 22 60 580 137 38 43 
318 140 20 62 572 131 38 53 
306 142 28 64 570 127 32 53 
296 146 26 60 567 114 27 69 
291 146 23 64 548 110 40 70 
284 146 22 64 538 122 40 57 
276 148 27 63 538 120 32 56 
266 152 20 39 536 118 26 59 
259 154 17 45 522 117 34 60 
247 152 21 57 510 107 40 70 
244 154 15 41 506 114 36 60 
229 173 19 44 508 113 27 59 
216 162 23 56 500 102 30 70 
212 168 18 20 482 102 48 68 
478 104 51 66 
478 102 26 68 
470 102 26 68 
456 102 32 68 
450 102 30 63 
620 224 19 36 446 109 43 60 
618 212 21 48 442 100 38 68 
620 202 19 60 428 110 44 59 
620 194 19 67 422 102 32 66 
620 194 19 68 420 110 22 58 
618 194 21 65 414 108 35 60 
81 197 31 61 620 194 19 60 402 110 37 58 
625 194 14 53 75 194 26 71 392 110 40 58 
626 194 13 48 56 193 29 74 390 109 31 57 
40 190 40 78 386 108 29 58 
40 202 39 66 376 109 22 59 
26 208 49 69 624 189 15 44 361 110 35 58 
17 215 23 65 626 188 13 44 360 111 22 58 
1 231 37 49 356 110 25 59 
1 230 32 62 348 110 27 59 
334 108 32 59 
330 110 34 58 
328 109 25 60 
318 110 20 59 
306 111 32 60 
301 113 21 58 
300 113 16 58 
292 113 19 58 
282 114 28 57 
274 129 32 42 
272 130 27 41 





















152 339 18 20 

147 329 49 30 
148 330 50 29 
151 330 49 29 
164 330 38 29 
168 330 42 29 160 275 37 40 596 152 22 36 
174 328 16 31 167 270 40 48 594 152 24 37 
180 330 30 29 173 257 42 64 588 149 30 43 69 104 17 42 
191 334 19 19 176 267 42 55 582 146 33 58 62 102 23 44 
181 242 41 81 584 146 27 48 56 101 26 47 
186 235 39 91 582 146 25 58 52 101 28 49 
191 228 39 100 574 146 30 60 51 100 26 48 
196 220 39 100 574 146 26 51 50 100 26 50 
201 214 38 99 572 145 23 55 48 98 28 52 
207 210 41 100 566 145 23 57 46 97 30 51 
213 205 37 99 560 137 34 65 44 98 32 48 
218 198 35 90 552 137 26 63 44 98 30 48 
221 192 34 90 548 136 24 52 44 99 28 51 
238 244 14 38 224 187 33 49 540 145 26 37 44 99 26 51 
228 184 31 96 530 141 29 51 44 100 26 48 
242 244 16 31 231 180 31 46 530 141 40 60 44 99 26 51 
233 186 32 76 524 141 25 51 44 100 24 50 
236 180 31 74 516 136 27 52 44 102 22 44 
239 178 30 44 513 138 23 47 44 102 20 50 
244 174 28 48 506 141 24 37 44 102 16 50 
248 170 28 51 498 146 25 32 42 103 20 47 
251 169 30 40 495 136 22 42 42 103 20 47 
256 162 27 60 490 144 19 38 42 117 18 31 
262 158 22 46 480 146 22 32 
265 154 23 46 474 146 23 43 
268 150 22 54 467 146 24 44 
461 147 23 39 270 146 21 57 
453 148 23 30 272 142 23 58 
446 148 23 53 274 138 23 63 
441 150 20 30 276 134 26 64 
436 152 17 36 280 130 27 59 
427 153 19 34 286 126 24 64 
418 154 20 30 288 126 26 64 
410 154 25 58 290 122 27 65 
404 158 21 38 294 120 25 54 
395 161 22 34 301 114 21 56 
388 162 20 40 306 110 18 58 
381 162 18 31 308 109 24 49 
372 164 19 34 310 107 22 53 
364 166 16 34 316 105 18 53 
352 166 20 48 322 102 14 56 
346 168 19 59 324 100 14 58 
336 171 21 39 326 97 17 59 
326 174 23 34 330 94 16 52 
318 174 19 40 332 90 18 56 
310 174 17 52 334 86 20 58 
302 176 17 36 336 87 20 55 
288 178 20 40 338 84 23 54 
280 178 18 48 342 82 20 53 
272 178 20 65 346 76 19 59 
262 170 19 48 346 76 20 56 
251 183 22 38 346 73 20 53 
242 180 19 53 346 72 20 52 
233 184 20 58 346 70 20 54 
223 186 22 43 346 66 20 52 
213 201 19 30 346 65 20 49 
200 207 20 33 346 66 18 48 
194 207 22 45 344 62 18 52 
183 213 20 27 342 62 20 48 
174 211 21 26 342 62 16 43 
339 58 19 50 
334 58 17 34 
330 56 18 49 
330 56 15 48 
324 56 19 31 
118 245 17 25 322 52 17 45 
87 194 26 64 318 51 20 37 
74 198 36 63 318 49 16 45 
62 200 30 78 316 50 16 36 
54 208 36 72 314 50 14 30 
42 214 33 67 308 46 18 34 
28 211 35 76 306 43 17 45 
17 220 36 68 306 40 14 43 
1 231 43 63 303 36 15 52 
1 231 40 71 300 42 16 41 
298 37 16 41 
296 38 15 42 
292 38 18 40 
290 37 14 27 
288 34 14 36 
285 34 15 42 
283 42 13 32 
282 42 12 30 
280 29 10 40 
276 30 12 36 






136 338 36 21 



186 336 32 23 
184 342 36 17 

219 314 16 39 
220 322 18 37 
226 326 30 33 
228 326 22 33 
232 312 43 47 
256 310 23 34 
266 306 24 32 
270 306 32 32 
271 302 13 36 289 291 28 36 
274 300 16 32 297 288 23 40 
276 295 19 39 
282 290 19 39 
284 288 20 34 
286 286 36 44 
290 285 32 48 
296 286 29 51 
306 286 21 39 
312 286 17 43 
314 282 16 45 
314 276 16 48 
313 268 19 39 
312 261 21 34 
310 255 22 20 
308 248 14 35 
306 240 20 42 
301 215 33 61 
302 210 30 48 
302 207 24 49 
297 202 27 60 
295 198 27 56 
291 188 27 54 
290 186 19 58 
287 182 25 60 
284 178 26 44 
280 173 28 61 
280 168 26 45 
278 165 25 49 
273 162 26 48 
270 152 28 62 
270 157 20 39 
266 151 22 55 
264 155 16 41 

278 40 12 30 

286 39 14 35 
292 41 10 33 

294 44 22 31 
302 45 16 29 
306 36 12 36 
306 36 16 40 
307 35 17 45 
308 40 16 38 
310 40 16 34 
311 41 17 41 
312 42 16 43 
314 40 16 44 
314 44 19 42 
314 39 21 45 
315 43 22 45 
314 46 24 44 
316 50 22 32 
318 50 20 36 
321 51 20 35 
322 51 21 47 
326 54 20 39 
328 56 23 46 
330 57 20 45 
330 58 24 40 
330 59 25 43 
334 62 21 46 
334 62 24 46 
338 62 20 48 
340 66 18 48 
340 66 21 53 
342 66 22 53 
342 68 24 53 
342 70 26 54 
342 72 26 51 
342 72 24 50 
341 76 24 48 
341 76 23 54 
46 130 24 16 341 82 23 54 
43 128 21 22 341 84 23 56 
340 84 24 56 
340 86 24 55 
339 91 25 55 
338 94 23 58 
334 96 24 47 
332 98 22 54 
328 100 26 56 
326 103 24 59 
325 106 23 52 
322 107 24 55 
320 110 22 40 
314 113 25 59 
312 115 22 59 
38 124 26 28 308 116 22 59 
40 124 22 28 302 118 24 58 
298 122 24 61 
294 124 24 64 
292 126 21 61 
288 126 18 62 
282 128 24 60 46 122 18 25 
274 130 24 59 46 122 18 27 
270 130 32 60 
270 150 17 40 
264 162 16 30 
56 125 18 22 
56 126 21 18 
58 127 20 19 
62 130 20 16 



















































264 166 22 40 
266 151 20 49 
268 143 24 61 
270 146 26 64 
276 150 28 68 
280 151 26 65 
285 155 28 65 
270 156 48 64 
268 160 62 59 
280 155 56 71 
289 154 47 73 
292 134 44 94 
296 155 46 82 
308 137 34 105 
313 135 31 109 
312 128 36 116 
310 129 40 113 
309 128 43 128 
308 186 32 64 344 128 20 58 
306 190 34 58 344 129 32 57 
305 196 31 61 360 149 20 39 
300 187 30 75 364 156 18 32 
296 204 26 58 372 156 18 32 
288 194 26 68 372 128 26 60 
282 210 26 54 374 130 32 56 
277 230 25 38 386 130 21 53 
272 234 24 42 394 130 20 58 
265 236 25 40 400 155 20 39 
257 240 25 44 402 133 30 65 
246 242 28 59 408 134 25 64 
238 242 30 54 414 136 25 56 
228 245 36 77 424 138 18 60 
222 233 36 98 424 138 24 64 
217 237 31 94 429 140 24 66 
208 241 34 92 427 130 33 76 
200 247 36 90 434 142 32 62 
